modis-VGT-BAND 0 646.000 nm
       0       1       2       3
    0.0714283
     0.982968
   -0.0608396
   0.00833134
   0.00380046
   0.00243515
modis-VGT-BAND 1 856.000 nm
       0       1       2       3
   -0.0908486
    0.0764333
      1.01209
   -0.0358266
   0.00778949
   0.00231044
modis-VGT-BAND 2 465.000 nm
       0       1       2       3
     0.979217
    0.0218693
  0.000713811
  -0.00104841
 -0.000612391
  0.000365470
modis-VGT-BAND 3 553.000 nm
       0       1       2       3
     0.658226
     0.303776
    0.0468527
    0.0389602
  -0.00652139
   0.00605263
modis-VGT-BAND 4 1242.00 nm
       0       1       2       3
    -0.403950
     0.346049
     0.563317
     0.439847
    0.0226515
    0.0180411
modis-VGT-BAND 5 1629.00 nm
       0       1       2       3
   -0.0640535
    0.0442066
   0.00111528
     0.986593
 -0.000747009
   0.00109738
modis-VGT-BAND 6 2114.00 nm
       0       1       2       3
     0.805215
    -0.621308
    -0.340270
      1.28401
   0.00652461
    0.0243071
