modis-VGT-BAND 0 646.000 nm
       0       1       2       3
   0.00377955
      1.14757
    -0.176564
    0.0399887
  -0.00267091
modis-VGT-BAND 1 856.000 nm
       0       1       2       3
   0.00593095
   -0.0733833
      1.04354
    0.0363312
  -0.00230864
modis-VGT-BAND 2 465.000 nm
       0       1       2       3
     0.894832
     0.376465
    -0.365619
     0.130136
  -0.00279242
modis-VGT-BAND 3 553.000 nm
       0       1       2       3
     0.185435
      1.66718
     -1.08656
     0.303431
  -0.00292069
modis-VGT-BAND 4 1242.00 nm
       0       1       2       3
    0.0116531
    -0.238713
     0.640760
     0.635195
  -0.00128888
modis-VGT-BAND 5 1629.00 nm
       0       1       2       3
   0.00130249
  -0.00755737
    0.0213144
     0.988921
  -0.00138289
modis-VGT-BAND 6 2114.00 nm
       0       1       2       3
   -0.0551323
     0.579339
    -0.939807
      1.44644
  -0.00129707
