modisVGT BAND 0 646.294770 nm
       0       1       2       3
     0.049694
     0.985191
    -0.029893
     0.001752
    -0.001899
     0.005409
modisVGT BAND 1 856.477900 nm
       0       1       2       3
    -0.033296
    -0.018550
     1.004150
     0.026176
     0.001094
     0.004271
modisVGT BAND 2 465.745030 nm
       0       1       2       3
     1.006110
     0.008248
     0.000321
    -0.003364
     0.000445
     0.000757
modisVGT BAND 3 553.735080 nm
       0       1       2       3
     0.768824
     0.278705
     0.097824
    -0.037760
     0.000358
     0.024544
modisVGT BAND 4 1242.311086 nm
       0       1       2       3
    -0.272200
    -0.185020
     0.472651
     0.739893
     0.023693
     0.045219
modisVGT BAND 5 1629.420088 nm
       0       1       2       3
    -0.009513
     0.019253
    -0.006664
     0.996290
     0.001654
     0.003707
modisVGT BAND 6 2114.232888 nm
       0       1       2       3
     0.107060
     0.185826
    -0.174224
     0.769511
    -0.002935
     0.030438
