modisMERIS BAND 0 646.294770 nm
       0       1       2       3       4       5       6       7       8       9      11      12      13
     0.071361
    -0.020691
    -0.072671
    -0.048809
     0.125506
     0.334763
     0.318986
     0.290687
     0.009593
    -0.004393
     0.008186
    -0.006432
    -0.001891
    -0.000668
     0.003404
modisMERIS BAND 1 856.477900 nm
       0       1       2       3       4       5       6       7       8       9      11      12      13
     0.002337
    -0.002283
     0.005306
     0.003571
    -0.017867
    -0.015342
     0.004837
     0.012136
    -0.005174
     0.066475
     0.135257
     0.380673
     0.430383
    -0.000815
     0.000974
modisMERIS BAND 2 465.745030 nm
       0       1       2       3       4       5       6       7       8       9      11      12      13
     0.161915
     0.278248
     0.345025
     0.286323
    -0.035680
    -0.117609
     0.008931
     0.056149
     0.019665
     0.005055
     0.023637
    -0.005258
    -0.020560
    -0.000286
     0.003738
modisMERIS BAND 3 553.735080 nm
       0       1       2       3       4       5       6       7       8       9      11      12      13
    -0.051366
    -0.036394
     0.063529
     0.230021
     0.720555
     0.293230
    -0.084746
    -0.180971
     0.023598
     0.034524
    -0.039290
    -0.008589
     0.020488
     0.001075
     0.004422
modisMERIS BAND 4 1242.311086 nm
       0       1       2       3       4       5       6       7       8       9      11      12      13
     0.356039
    -0.088526
    -0.314665
    -0.190015
     0.414241
     0.323639
    -0.031699
    -0.099045
     0.578348
    -1.468226
    -1.250833
     1.146511
     1.688887
     0.061923
     0.054518
modisMERIS BAND 5 1629.420088 nm
       0       1       2       3       4       5       6       7       8       9      11      12      13
     0.702675
     0.220453
    -0.162845
    -0.257731
    -0.280558
     0.204257
     0.314553
     0.357528
     0.678158
    -1.454556
    -1.196470
     0.936522
     1.397416
     0.074891
     0.080179
modisMERIS BAND 6 2114.232888 nm
       0       1       2       3       4       5       6       7       8       9      11      12      13
     1.027376
     0.522297
    -0.084144
    -0.430385
    -1.103701
     0.001000
     0.559018
     0.680678
     0.435253
    -0.591155
    -0.412019
     0.317282
     0.445543
     0.071967
     0.076532
