modis-MERIS-BAND 0 646.000 nm
       1       3       4       5       6       7       8       9      12
  -0.00638567
    0.0904103
    -0.201825
     0.615115
     0.210856
     0.486098
    -0.259707
     0.106431
   -0.0343984
  -0.00189598
  0.000741988
modis-MERIS-BAND 1 856.000 nm
       1       3       4       5       6       7       8       9      12
   -0.0670064
     0.218359
    -0.276201
     0.393414
     -1.35364
      1.62946
    -0.739244
     0.304015
     0.888792
  0.000729303
  0.000590245
modis-MERIS-BAND 2 465.000 nm
       1       3       4       5       6       7       8       9      12
     0.540445
     0.665511
    -0.335488
     0.288383
    -0.579442
     0.622087
    -0.266984
     0.104409
   -0.0351583
 -0.000842982
  0.000440081
modis-MERIS-BAND 3 553.000 nm
       1       3       4       5       6       7       8       9      12
   -0.0133260
     0.180252
     0.825564
    0.0923570
    -0.623327
     0.758979
    -0.282965
    0.0924477
   -0.0256702
  -0.00127608
  0.000481697
modis-MERIS-BAND 4 1242.00 nm
       1       3       4       5       6       7       8       9      12
      1.09067
     -7.73807
      9.96043
     -13.2544
      56.9686
     -69.5581
      29.5563
     -9.41732
      3.18710
   0.00216353
    0.0160300
modis-MERIS-BAND 5 1629.00 nm
       1       3       4       5       6       7       8       9      12
    -0.883099
     -8.29282
      12.0513
     -13.2481
      59.6631
     -68.5383
      24.4740
     -6.75254
      1.86571
   -0.0146465
    0.0249417
modis-MERIS-BAND 6 2114.00 nm
       1       3       4       5       6       7       8       9      12
     -1.37297
     -10.1317
      15.4441
     -14.5038
      65.6002
     -71.6418
      20.5110
     -4.67699
     0.981268
  -0.00340820
    0.0287589
