modis-MERIS-BAND 0 646.000 nm
       1       6      12
    0.0161059
      1.07526
   -0.0946835
 -0.000186056
modis-MERIS-BAND 1 856.000 nm
       1       6      12
  -0.00179308
    0.0333940
     0.969990
  8.91089e-06
modis-MERIS-BAND 2 465.000 nm
       1       6      12
     0.749403
     0.513616
    -0.278551
  -0.00146425
modis-MERIS-BAND 3 553.000 nm
       1       6      12
     0.209044
      1.24751
    -0.478996
  -0.00143272
modis-MERIS-BAND 4 1242.00 nm
       1       6      12
    0.0818958
    -0.837354
      1.63931
  -0.00134955
modis-MERIS-BAND 5 1629.00 nm
       1       6      12
     0.125948
     -1.08230
      1.70284
  -0.00296016
modis-MERIS-BAND 6 2114.00 nm
       1       6      12
     0.150841
     -1.14978
      1.65165
  -0.00452633
